(0, 0.63, -0.94, -3.82)
(0, 4.73, -0.63, 2.03)
(0, 6.93, -0.06, 5.52)
(0, 0.55, -0.97, -11.13)
(0, 0.22, -0.64, -4.23)
(0, 5.14, -0.4, 4.65)
(0, -0.01, -0.97, -5.95)
(0, 0.82, -0.93, -4.9)
(0, 0.15, -0.99, -5.26)
(0, 5.77, -0.5, 3.88)
(0, 0.24, -0.85, -6.23)
(0, 0.37, -0.92, -1.5)
(0, 0.84, -0.45, -0.55)
(0, 0.46, -0.9, -5.56)
(0, 4.18, -0.31, 0.68)
(0, -0.06, -0.47, -4.17)
(0, 1.97, -0.1, 9.44)
(0, 4.0, -0.21, 2.32)
(0, 4.59, -1.59, 0.73)
(0, 3.49, -0.69, 0.48)
(0, 4.44, -0.99, 5.04)
(0, 1.09, -0.83, -4.62)
(0, 6.81, -0.24, 6.17)
(0, 5.57, -0.17, 1.27)
(0, 0.21, -0.99, -6.65)
(0, 0.12, -0.67, -7.82)
(0, 5.73, -0.07, 2.08)
(0, 0.07, -0.9, -8.07)
(0, -0.02, -0.97, -6.9)
(0, 0.25, -0.6, -2.63)
(1, 0.51, -0.99, -7.59)
(0, 5.26, -0.51, 0.97)
(0, 0.3, -0.98, -14.94)
(0, 0.43, -0.68, -8.14)
(0, 0.07, -0.75, -5.6)
(0, 0.3, -0.93, -10.49)
(0, 0.95, -0.99, -10.53)
(0, 0.47, -0.93, -9.34)
(0, 0.31, -0.47, -5.3)
(0, 0.1, -0.84, -4.75)
(0, 4.39, -0.2, 6.13)
(0, 4.06, -0.69, 1.75)
(0, 5.57, -0.64, 1.36)
(0, 0.37, -0.67, -8.3)
(0, 4.36, -0.08, 4.47)
(0, -0.04, -0.91, -5.84)
(0, 0.37, -0.84, -5.36)
(0, 0.41, -0.99, -5.77)
(0, 0.36, -0.98, -4.14)
(1, 0.19, -0.96, -7.99)
(0, 0.48, -1.0, -5.94)
(0, 5.29, -0.68, 1.63)
(0, 4.56, -0.65, 6.06)
(0, 0.56, -0.94, -4.37)
(0, 0.83, -0.89, -4.85)
(0, 4.61, -0.21, 1.04)
(0, 4.17, -0.33, 0.97)
(0, 5.12, -0.69, 8.97)
(0, 0.2, -1.79, -2.82)
(0, 0.65, -1.0, -5.65)
(0, 2.27, -0.78, 1.37)
(0, 0.04, 0.04, -5.31)
(0, 0.84, -0.82, -0.26)
(0, 0.08, -0.98, -7.36)
(0, 5.05, -0.32, 6.55)
(0, 4.69, -0.28, 0.95)
(0, 0.01, -0.84, -5.2)
(0, 0.04, -0.95, -8.04)
(0, 0.05, -0.98, -7.64)
(0, 0.72, -0.96, -6.05)
(0, 4.59, -0.83, 2.27)
(0, 0.84, -0.96, -2.58)
(0, 0.78, -0.71, 7.83)
(0, 5.69, -0.53, 3.16)
(0, 4.65, -0.76, 2.72)
(0, 0.25, -0.84, -0.19)
(0, 4.34, -0.75, 0.74)
(0, 0.08, -0.75, -5.52)
(0, 6.55, -0.66, 2.35)
(0, 4.87, -0.71, 2.24)
(0, 0.58, -0.6, -0.01)
(0, 0.15, -0.96, -5.17)
(0, 7.75, -0.76, 6.65)
(0, 0.2, -0.95, -7.77)
(0, 4.82, -0.25, 3.49)
(0, 0.25, -0.79, -9.25)
(0, 0.28, -0.9, -12.23)
(0, 0.98, -0.73, 6.91)
(0, 0.63, -1.52, -4.17)
(0, -0.01, -0.89, -3.87)
(0, 5.42, -0.42, 6.39)
(0, 1.01, -0.89, -2.68)
(0, -0.02, -0.99, -6.61)
(0, 0.07, -0.9, -4.91)
(0, 4.83, -0.41, 4.19)
(0, 0.08, -0.86, -4.54)
(0, -0.01, -0.89, -7.95)
(0, 0.43, -0.82, -9.25)
(0, 0.63, -0.6, -6.67)
(0, 0.62, -0.38, -5.73)
(0, -0.0, -0.99, -9.32)
(0, 0.73, -1.0, -5.95)
(0, 0.13, -0.92, -3.81)
(0, 0.8, -0.81, -4.77)
(0, 4.19, -0.18, 2.56)
(0, 0.77, -0.92, -7.17)
(0, 5.21, -0.23, 4.8)
(0, 5.19, -0.88, 5.55)
(0, 4.72, -0.64, 1.55)
(0, 0.65, -0.55, -7.65)
(0, 5.8, -0.23, 2.91)
(0, 0.46, -0.92, -7.28)
(0, 0.15, -0.89, -9.19)
(1, 0.12, -0.81, -20.5)
(0, 1.0, -0.31, 1.68)
(0, 9.94, -0.19, 4.7)
(0, 0.54, -0.58, -5.27)
(0, 3.13, -0.4, 7.08)
(1, 0.24, -0.96, -10.62)
(0, 4.6, -0.2, 1.91)
(0, 5.21, -0.74, 3.64)
(0, 0.11, -0.88, 0.21)
(0, 1.19, -0.98, -1.69)
(0, 5.02, -0.06, 1.65)
(0, 4.7, -0.23, 5.98)
(0, 0.57, -0.89, -7.2)
(0, 0.41, -0.86, -7.51)
(0, 4.83, -0.87, 2.15)
(0, 5.45, -0.1, 10.52)
(0, 5.17, -0.08, 3.87)
(0, 0.24, -0.97, -9.62)
(0, 0.09, -0.95, -5.33)
(0, 1.83, -0.38, 3.53)
(0, 0.56, -0.99, -6.01)
(0, 1.93, 1.93, -3.31)
(0, 1.51, -0.21, 4.14)
(0, 0.45, -0.84, -1.05)
(0, -0.0, -0.93, -8.96)
(0, 0.33, -0.64, -7.79)
(0, 0.07, -0.93, -7.36)
(0, 0.88, -0.97, -6.44)
(0, 1.0, -0.99, -5.29)
(0, 4.4, -0.09, 3.34)
(0, 0.68, -0.85, -4.92)
(0, 0.02, -0.72, -9.53)
(0, 0.56, -0.89, -11.53)
(0, 3.52, -0.29, 1.88)
(0, 0.83, -0.97, -14.94)
(0, 5.06, -0.17, 2.4)
(0, 3.9, -0.55, 2.34)
(0, 0.04, -0.66, -7.11)
(0, 0.08, -0.93, -9.83)
(0, 5.65, -0.78, 8.57)
(0, 1.83, -0.16, 14.03)
(0, 0.01, -0.72, -11.14)
(0, 0.37, -0.8, -6.53)
(1, 0.83, -0.2, 5.06)
(0, 0.33, -0.74, -5.9)
(0, 0.07, -1.21, -5.23)
(0, 0.75, -0.85, -6.23)
(0, -0.04, -0.95, -5.22)
(0, 5.02, -0.66, 5.88)
(0, 0.17, -0.99, -6.62)
(0, 0.14, -0.97, -7.25)
(0, 4.44, -0.73, 0.95)
(0, 0.18, -0.99, -7.4)
(0, 0.05, -0.74, -5.9)
(0, 5.93, -0.27, 3.25)
(0, 4.64, -0.14, 1.92)
(0, 5.05, -0.84, 3.31)
(0, 5.83, -0.41, 2.66)
(0, 4.22, -0.66, 2.21)
(0, 0.33, -0.52, -6.08)
(0, 0.07, -0.98, -8.94)
(0, 0.61, -0.92, -5.35)
(0, 3.83, -3.54, 0.52)
(0, 0.07, -0.91, -5.85)
(0, 0.42, -0.69, -9.46)
(0, 0.83, -0.98, -10.72)
(0, 0.52, -0.71, -12.75)
(0, 0.1, -0.9, -6.98)
(0, 0.48, -0.23, -5.44)
(0, 0.87, -0.84, -9.19)
(0, 0.28, -0.89, -8.35)
(0, 0.32, -0.98, -5.85)
(0, 3.0, -0.64, 5.62)
(0, 5.05, -0.1, 1.09)
(0, 4.82, -0.2, 1.41)
(0, 6.45, -0.36, 11.65)
(0, 0.55, -0.94, -6.41)
(0, 5.48, -0.45, 5.93)
(0, 3.98, -0.17, 3.76)
(0, 6.57, -0.12, 3.26)
(0, 2.47, -0.09, 9.47)
(0, 4.95, -0.34, 6.22)
(0, 4.79, -0.21, 3.84)
(0, 0.74, -0.83, -5.64)
(0, 4.51, -0.28, 9.97)
(0, 4.6, -0.05, 7.45)
(0, 4.45, -0.39, 1.2)
(0, 0.61, -0.98, -5.82)
(0, 5.29, -0.47, 0.95)
(0, 6.38, -0.74, 1.78)
(0, 4.03, -0.2, 4.45)
(0, 5.03, -0.16, 3.11)
(0, 6.14, -0.35, 2.29)
(0, 0.25, -0.89, -13.97)
(0, -0.04, -0.97, -6.95)
(0, 5.4, -0.59, 3.27)
(0, 4.71, -0.08, 2.38)
(0, 0.73, -0.74, -9.4)
(0, 4.63, -0.47, 5.84)
(0, 4.78, -0.68, 6.34)
(0, 4.28, -0.79, 3.31)
(0, 4.46, -0.19, 0.74)
(0, 5.13, -0.09, 7.02)
(0, 5.49, -0.47, 5.48)
(0, 0.64, -0.93, -6.66)
(1, 0.3, -0.89, -11.03)
(0, 0.29, -0.93, -6.94)
(0, 0.38, -0.88, -7.5)
(0, 2.28, -0.76, 6.62)
(0, 0.35, -0.97, -9.44)
(0, 5.55, -0.56, 8.61)
(0, 4.52, -0.78, 1.5)
(0, 4.67, -0.08, 0.87)
(0, 4.11, -0.24, 6.95)
(0, 0.96, -0.73, 1.68)
(0, 4.18, -0.7, 1.4)
(0, 4.85, -0.45, 7.72)
(0, 4.48, -0.89, 9.24)
(0, 4.3, -0.27, 6.05)
(0, 4.81, -0.06, 5.66)
(0, 5.73, -0.03, 3.7)
(0, 3.5, -0.61, 1.26)
(0, 4.12, -0.86, 1.05)
(0, 5.9, -0.65, 2.19)
(0, 0.28, -0.98, -14.09)
(0, 0.06, -0.92, -10.2)
(0, 0.39, -0.99, -7.82)
(0, 0.45, -0.98, -7.49)
(0, 0.04, -0.9, -6.16)
(0, 0.1, -0.74, -5.72)
(0, 0.51, -0.86, -6.68)
(0, 4.47, -0.33, 1.31)
(0, 0.41, -0.95, -16.99)
(0, 4.12, -0.19, 1.39)
(0, 5.19, -0.27, 5.48)
(0, 3.96, -0.03, 1.32)
(1, 4.44, -0.2, 2.24)
(0, 4.8, -0.91, 13.3)
(0, 0.46, -0.86, -11.7)
(0, 0.24, -0.94, 0.63)
(0, 0.27, -0.95, -7.57)
(0, 0.44, -0.91, -5.45)
(0, 4.08, -0.38, 0.65)
(0, 0.3, -0.98, -2.2)
(0, 0.3, -0.95, -5.57)
(0, 5.19, -0.13, 4.38)
(0, 5.69, -0.93, 6.23)
(0, 3.87, -0.47, 2.99)
(0, 4.68, -0.94, 5.01)
(0, 7.41, -0.15, 5.79)
(0, 0.83, -0.9, -6.0)
(0, 0.0, -0.78, -5.48)
(0, 4.99, -0.08, 1.45)
(0, 0.06, -0.95, -7.63)
(0, 0.14, -0.82, -7.27)
(0, 0.02, -0.89, -11.25)
(0, 2.52, -0.86, 8.46)
(0, 0.05, -0.94, -12.08)
(0, 0.97, -0.8, 5.1)
(0, 2.31, -0.33, 4.02)
(0, 0.18, -0.95, -4.32)
(0, 5.93, -0.59, 5.43)
(1, 4.35, -0.19, 4.84)
(0, 0.52, -0.88, -4.05)
(0, 0.27, -0.99, -7.14)
(0, 0.16, -0.68, -6.59)
(0, 0.27, -0.95, -10.92)
(0, 0.94, -0.62, 1.54)
(0, -0.03, -0.97, -6.31)
(1, 4.12, -0.39, 11.47)
(0, 4.58, -0.15, 8.57)
(0, 0.27, -0.97, -5.89)
(0, 3.53, -0.57, 5.75)
(0, 3.82, -0.26, 0.82)
(0, 0.36, -0.17, -6.16)
(0, 0.01, -0.99, -13.29)
(0, -0.05, -0.6, -6.62)
(0, -0.05, -0.9, -6.45)
(0, 4.81, -0.22, 6.69)
(0, 5.28, -0.36, 2.51)
(1, 0.83, -1.0, -3.52)
(0, 4.8, -0.57, 5.54)
(0, 0.05, -0.82, -7.34)
(1, 4.58, -0.83, 9.32)
(0, 0.75, -0.99, -6.22)
(0, 4.21, -0.11, 0.9)
(0, 3.49, -0.42, 2.0)
(0, 0.65, -0.84, -5.05)
(0, 0.06, -0.93, -7.2)
(0, 0.02, -0.92, -9.36)
(0, 4.11, -0.14, 1.53)
(0, 0.12, -0.99, -6.42)
(0, 4.94, -0.42, 6.19)
(0, 5.66, -0.28, 6.17)
(0, 4.73, -0.49, 5.86)
(0, 0.34, -0.97, -4.58)
(0, 4.66, -0.08, 5.41)
(0, 4.29, -0.04, 1.09)
(0, 4.38, -0.62, 1.32)
(0, 0.23, -1.0, -6.77)
(0, 0.2, -0.96, -7.42)
(0, 5.81, -0.39, 14.55)
(0, 4.14, -0.76, 4.72)
(0, 5.93, -0.1, 1.92)
(0, 5.13, -0.51, 1.97)
(1, 0.91, -0.99, -19.15)
(0, -0.07, -0.87, -4.49)
(0, 4.11, -0.68, 5.87)
(0, 0.64, -0.97, -12.89)
(0, 4.35, -0.32, 8.17)
(0, 4.79, -0.1, 3.07)
(0, 4.55, -0.35, 2.69)
(0, -0.06, -0.87, -5.23)
(0, 0.91, -0.83, -4.77)
(0, 0.09, -0.91, -9.41)
(0, 4.75, -0.19, 1.12)
(0, 0.41, -0.9, -14.17)
(0, 0.08, -0.88, -6.63)
(0, -0.02, -0.85, -6.28)
(0, 4.49, -0.08, 8.81)
(0, 4.29, -0.61, 9.11)
(0, 0.42, -0.77, -12.53)
(1, 0.16, -0.96, -12.6)
(0, 5.42, -0.8, 7.68)
(0, 0.46, -0.96, -9.51)
(0, 4.42, -0.49, 1.44)
(0, 0.19, -0.34, 11.67)
(0, 0.55, -0.7, -13.6)
(0, 5.69, -0.37, 27.87)
(0, 4.68, -0.65, 4.05)
(0, 4.62, -0.06, 1.42)
(1, 1.17, -0.04, 4.09)
(1, 0.76, -0.83, -21.5)
(0, 1.25, -0.65, 15.55)
(0, 0.07, -0.82, -20.35)
(0, 0.82, -0.81, 7.82)
(0, 0.36, -0.84, -21.71)
(0, 4.85, -0.36, 10.2)
(0, 0.1, -0.58, -21.06)
(0, 5.19, -0.86, 1.94)
(0, 0.23, -0.94, -12.95)
(0, 4.35, -0.14, 6.26)
(0, 0.26, -0.68, -9.74)
(0, 5.28, -0.05, 5.04)
(0, 0.77, -0.98, -19.42)
(0, 4.53, -0.22, 5.01)
(0, 0.72, -0.71, -11.71)
(0, 1.59, -0.44, 6.02)
(0, 0.3, -0.74, -18.97)
(0, 4.7, -0.39, 9.56)
(0, 4.19, -0.32, 5.23)
(0, 0.1, -0.99, -13.89)
(0, 1.98, -0.19, 21.63)
(0, 0.37, -0.94, -13.71)
(0, 4.96, -0.65, 7.62)
(0, 0.48, -0.93, -13.13)
(0, 4.57, -0.05, 1.87)
(0, -0.0, -0.69, -21.15)
(0, 4.13, -0.26, 10.21)
(0, 0.29, -0.97, -21.73)
(0, 5.33, -0.81, 7.27)
(0, 0.28, -0.9, -17.62)
(0, 4.81, -0.03, 17.21)
(1, 4.17, -0.61, 12.03)
(1, 0.27, -0.92, -16.0)
(0, 5.2, -0.5, 11.6)
(0, 5.94, -0.39, 5.6)
(0, 5.84, -0.53, 3.2)
(0, 5.32, -0.29, 2.33)
(0, 4.04, -0.27, 5.07)
(0, 0.94, -0.91, -0.16)
(0, 4.43, -0.49, 8.62)
(0, 1.15, -0.18, 3.75)
(0, 0.26, -0.92, -7.65)
(0, 0.02, -0.98, -8.89)
(0, 4.58, -0.2, 2.47)
(0, 0.86, -0.61, -7.11)
(0, 0.51, -0.9, -6.74)
(0, 1.0, -0.71, -1.91)
(0, 0.31, -1.0, -10.01)
(0, 0.19, -0.78, -9.06)
(0, 5.47, -0.31, 8.68)
(0, 0.35, -1.0, -15.78)
(0, 0.16, -0.9, -9.45)
(0, 0.95, -0.04, 21.98)
(0, 0.45, -0.97, -16.89)
(0, 4.62, -0.12, 1.15)
(0, 0.23, -0.97, -10.31)
(0, 0.19, -0.84, -7.85)
(0, 5.27, -0.58, 9.15)
(0, 0.22, -0.74, -18.95)
(0, 4.14, -0.49, 8.84)
(0, 4.87, -0.26, 11.77)
(0, 5.22, -0.06, 8.18)
(0, 0.22, -0.89, -10.62)
(0, 0.49, -0.94, -26.72)
(0, 1.03, -0.89, -9.06)
(1, 0.06, -0.91, -20.5)
(0, 0.68, -0.29, -19.43)
(0, 4.17, -0.08, 3.25)
(0, 0.94, -0.84, -17.33)
(0, -0.03, -0.95, -11.51)
(0, 1.79, -0.38, 12.06)
(0, 0.54, -1.0, -20.55)
(0, 0.89, -0.9, -13.81)
(0, 0.7, -0.94, -8.47)
(0, 4.75, -0.46, 5.93)
(0, 0.93, -0.97, -15.14)
(0, 1.95, -0.37, 17.31)
(0, 3.63, -0.08, 4.25)
(0, 4.71, -0.32, 3.7)
(0, 1.01, -0.97, -5.69)
(1, 1.08, -0.94, -7.18)
(0, 0.93, -0.95, -20.03)
(0, 0.14, -1.0, -12.04)
(0, 0.35, -0.83, -10.47)
(0, 5.09, -0.97, 2.94)
(0, 0.02, -0.79, -10.67)
(0, 0.84, -0.91, -11.52)
(0, 5.31, -0.95, 5.4)
(0, 1.03, -1.0, -8.13)
(0, 4.46, -0.31, 1.89)
(0, 3.94, -0.65, 1.47)
(0, 0.54, -0.72, -13.54)
(0, -0.01, -0.89, -12.3)
(0, 0.88, -0.7, -12.27)
(0, 4.65, -0.31, 6.91)
(0, 0.79, -0.46, 8.09)
(0, 0.25, -0.98, -10.42)
(0, 0.19, -0.97, -10.34)
(0, 4.44, -0.93, 6.31)
(0, 4.07, -0.31, 2.35)
(0, 3.97, -0.1, 1.48)
(0, 0.09, -0.98, -9.91)
(0, 0.21, -0.97, -12.8)
(0, 0.41, -0.92, -12.42)
(0, 4.62, -0.31, 10.07)
(0, 0.97, -0.49, 19.63)
(0, 5.02, -0.1, 18.88)
(0, 4.41, -0.02, 3.53)
(0, 4.53, -0.3, 11.98)
(0, 0.38, -0.95, -11.01)
(0, 0.09, -1.0, -9.82)
(0, 0.27, -0.96, -15.97)
(0, 4.98, -0.29, 2.15)
(0, 0.26, -0.63, -12.69)
(0, 0.6, -0.97, 9.17)
(0, 0.68, -0.98, 0.64)
(0, 6.14, -0.75, 9.83)
(0, 4.92, -0.72, 5.77)
(0, 0.09, -0.88, -12.32)
(0, 0.44, -0.97, -11.92)
(0, -0.04, -1.0, -7.69)
(0, 4.87, -0.63, 3.35)
(0, 1.13, -0.99, -6.96)
(0, 0.79, -0.99, -16.52)
(0, 6.08, -0.35, 3.02)
(0, 0.0, -0.99, -21.81)
(0, 0.54, -0.96, -11.93)
(0, 1.81, -0.75, 7.46)
(0, 4.43, -0.09, 4.26)
(0, -0.02, -0.97, -9.14)
(0, 0.09, -1.0, -13.74)
(0, 4.12, -0.52, 2.46)
(0, 0.18, -0.78, -13.39)
(0, 0.24, -0.89, -8.69)
(0, 1.04, -0.2, 6.9)
(0, 4.04, -0.35, 10.83)
(0, 4.73, -0.99, 5.96)
(0, 0.23, -0.6, -17.4)
(0, 0.11, -0.97, -17.6)
(0, 0.28, -0.96, -18.01)
(0, 4.31, -0.98, 10.99)
(0, 4.16, -0.48, 3.96)
(0, -0.04, -0.91, -9.02)
(0, 0.62, -0.82, -8.37)
(0, 4.3, -0.34, 18.1)
(0, 4.18, -0.36, 4.81)
(0, 0.55, -0.9, -6.6)
(0, 0.83, -0.94, -10.52)
(1, 4.16, -0.34, 3.68)
(0, 5.05, -0.27, 8.84)
(0, 0.07, -0.99, -20.23)
(0, 0.42, -0.86, -18.85)
(0, 0.99, -0.97, -9.78)
(1, 4.31, -0.67, 16.74)
(0, 1.01, -0.81, -7.06)
(0, 0.6, -0.88, -12.79)
(0, 0.54, -0.95, -9.62)
(0, 4.72, -0.08, 3.53)
(0, 0.06, -0.83, -9.55)
(0, -0.03, -0.97, -11.73)
(0, -0.0, -0.92, -12.64)
(0, 4.35, -0.16, 1.49)
(0, 0.1, -0.97, -11.59)
(0, 0.49, -0.8, -14.63)
(0, 0.63, -0.76, -7.62)
(0, 4.98, -0.2, 9.89)
(0, 4.1, -0.4, 1.01)
(0, 0.98, -0.46, 15.71)
(0, 0.33, -0.75, -6.84)
(0, 4.83, -0.09, 6.43)
(0, 4.05, -0.51, 4.57)
(0, 0.07, -0.95, -9.39)
(0, 0.07, -0.98, -10.63)
(0, 4.4, -0.04, 2.17)
(0, 2.46, -0.08, 3.72)
(0, 4.32, -0.1, 2.03)
(0, 4.43, -0.24, 16.51)
(0, 0.58, -0.52, -10.87)
(0, 0.03, -0.96, -7.64)
(0, 0.26, -0.8, -12.03)
(0, 6.44, -0.21, 4.02)
(0, 4.74, -0.32, 2.08)
(0, 4.76, -0.31, 6.67)
(0, 0.64, -0.98, -15.35)
(0, 5.49, -0.35, 1.81)
(0, 0.03, -0.91, -6.25)
(1, -0.01, -0.66, -7.27)
(0, 0.43, -0.83, -9.75)
(0, 0.37, -0.84, -9.95)
(0, 0.95, -0.56, 4.28)
(0, 0.09, -0.89, -8.58)
(0, 4.14, -0.17, 3.62)
(0, 0.29, -0.33, -4.78)
(0, 0.73, -0.89, -18.69)
(0, 0.28, -0.95, -12.69)
(0, 5.6, -0.54, 5.21)
(0, 5.12, -0.14, 4.19)
(0, 5.44, -0.09, 3.74)
(0, 0.93, -0.78, -6.02)
(0, 5.13, -0.15, 2.45)
(0, 5.0, -0.05, 7.53)
(0, 0.49, -0.71, -9.1)
(0, 0.96, -0.78, -11.17)
(0, 0.3, -0.91, -14.69)
(0, 0.4, -0.79, -8.8)
(0, 4.93, -0.53, 1.65)
(0, 5.24, -0.12, 1.45)
(0, 3.76, -0.13, 4.47)
(0, 4.94, -0.07, 5.02)
(0, 5.53, -0.12, 11.73)
(0, 0.08, -0.99, -8.29)
(0, 1.32, -0.98, -2.26)
(0, 0.88, -0.95, -11.63)
(1, 4.56, -0.43, 1.96)
(0, 0.13, -0.79, -9.18)
(0, 4.91, -0.06, 2.02)
(0, 0.93, -0.81, -8.27)
(0, 0.24, -0.87, -11.95)
(0, 0.32, -1.0, -8.66)
(0, 0.5, -0.95, -9.32)
(0, -0.01, -0.97, -11.88)
(1, 0.88, -0.93, -13.51)
(0, 0.37, -0.61, 1.63)
(0, 4.05, -0.38, 8.68)
(0, 0.42, -0.87, -5.36)
(0, 0.39, -0.98, -12.04)
(0, 5.15, -0.66, 3.42)
(0, 0.27, -0.96, -7.64)
(0, 0.98, -1.0, -6.52)
(0, -0.03, -0.96, -10.84)
(0, 0.82, -0.97, -4.68)
(0, 0.11, -0.86, -9.56)
(0, 0.07, -0.82, -8.06)
(0, 5.25, -0.29, 8.05)
(0, 4.97, -0.38, 1.47)
(0, 3.9, -0.35, 1.79)
(0, 0.12, -0.98, -8.32)
(0, 4.99, -0.5, 6.21)
(0, 4.32, -0.98, 0.8)
(0, 0.22, -0.54, -13.21)
(0, 0.28, -0.72, -20.39)
(0, 0.35, -0.89, -13.58)
(0, 0.56, -0.92, -8.27)
(0, 0.68, -0.92, -10.71)
(0, 0.24, -0.9, -9.69)
(0, 4.34, -0.16, 1.01)
(0, 4.31, -0.3, 5.55)
(0, 0.11, -0.98, -9.5)
(0, 0.03, -0.87, -6.96)
(0, 1.72, -0.06, 12.77)
(0, 4.53, -0.48, 0.96)
(0, 4.4, -0.65, 1.54)
(0, 5.23, -0.96, 4.65)
(0, 0.43, -0.91, -14.06)
(0, 0.26, -0.84, -8.51)
(0, 0.52, -0.87, -10.98)
(0, 4.84, -0.07, 8.28)
(0, 5.15, -0.05, 11.21)
(0, 0.0, -0.49, -11.14)
(0, 0.34, -0.98, -8.14)
(0, 1.93, -0.64, 8.98)
(0, 1.03, -0.67, 9.4)
(0, 0.12, -0.85, -10.48)
(0, 0.21, -0.92, -11.93)
(1, 0.69, -0.37, 11.68)
(0, 0.06, -0.77, -9.67)
(0, 0.44, -0.88, -9.45)
(0, 0.05, -0.67, -10.31)
(0, 0.14, -0.91, -11.43)
(0, 0.43, -0.98, -17.2)
(0, 0.13, -0.89, -21.0)
(0, 0.01, -0.93, -5.99)
(0, 5.23, -0.66, 3.96)
(0, 1.0, -0.9, -6.6)
(0, 0.48, -0.95, -18.72)
(0, 0.7, -0.87, -9.37)
(0, 4.6, -0.14, 2.42)
(0, 1.88, -0.44, 14.94)
(0, 0.25, -0.76, -11.75)
(0, 0.77, -0.62, -0.51)
(0, 0.99, -0.64, 17.87)
(0, 0.28, -0.94, -7.95)
(0, 5.24, -0.89, 11.22)
(0, 5.0, -0.17, 10.37)
(0, 0.54, -0.92, -13.68)
(0, 5.1, -0.48, 14.68)
(1, 0.3, -0.67, -9.0)
(0, 0.16, -0.99, -7.29)
(0, 5.22, -0.93, 7.43)
(0, 0.25, -0.9, -8.66)
(0, -0.02, -0.96, -11.45)
(0, 5.53, -0.51, 10.45)
(0, 0.95, -0.67, 3.84)
(0, 6.03, -0.58, 11.49)
(0, 3.59, -0.16, 13.26)
(0, 0.62, -0.81, -9.78)
(0, 5.22, -0.28, 8.51)
(0, 0.42, -0.95, -7.95)
(0, 0.06, -1.0, -9.78)
(0, 4.9, -0.04, 2.6)
(0, 0.25, -1.0, -9.45)
(0, 4.68, -0.06, 2.78)
(0, 0.07, -0.94, -11.02)
(0, -0.03, -0.77, -5.62)
(0, 0.0, -0.75, -10.1)
(0, 5.27, -0.11, 12.18)
(0, 0.51, -0.66, 3.44)
(0, 4.18, -0.56, 2.68)
(0, 5.0, -0.78, 9.84)
(0, 0.77, -0.97, -16.39)
(0, 0.02, -0.86, -8.64)
(0, 5.98, -0.99, 10.59)
(0, 0.26, -0.61, -12.43)
(1, 4.18, -0.17, 7.77)
(0, -0.02, -0.83, -14.16)
(0, 3.88, -0.19, 5.23)
(0, -0.03, -0.66, -9.78)
(0, -0.04, -0.97, -7.17)
(0, 3.67, -0.11, 0.86)
(0, 4.76, -0.57, 10.9)
(0, 4.41, -0.53, 10.63)
(0, 5.56, -0.98, 4.03)
(0, 4.04, -0.26, 15.53)
(0, 0.44, -0.86, -5.1)
(0, 0.39, -0.77, -10.55)
(0, 0.25, -0.64, -13.83)
(1, 0.42, -0.93, 5.53)
(0, 0.55, -0.41, -3.53)
(0, 0.07, -1.0, -8.55)
(0, 5.27, -0.36, 2.85)
(0, 0.79, -0.98, -9.98)
(0, 0.03, -0.84, -11.34)
(0, 0.19, -0.89, -10.54)
(0, 4.11, -0.45, 2.35)
(0, -0.01, -0.95, -7.93)
(0, 0.37, -0.9, -7.86)
(0, 0.07, -0.27, -8.99)
(1, 4.97, -0.05, 2.67)
(0, 0.83, -0.45, 4.66)
(0, 2.88, -0.64, 0.57)
(0, 4.23, -0.7, 5.21)
(0, 4.89, -0.89, 1.0)
(1, 4.0, -0.55, 5.44)
(0, 4.63, -0.25, 4.72)
(0, -0.06, -0.06, 17.33)
(0, 0.74, -0.85, 1.41)
(0, 5.21, -0.23, 1.45)
(0, 4.51, -0.4, 0.84)
(0, 0.56, -0.98, -5.83)
(0, 0.78, -0.99, -6.86)
(0, 3.66, -0.89, 4.62)
(0, 0.45, -0.68, -8.37)
(0, 0.58, -0.87, -9.24)
(0, -0.03, -0.86, -11.81)
(0, 0.38, -0.93, -9.08)
(0, 4.57, -0.19, 2.89)
(0, 0.13, -0.93, -8.65)
(0, 5.05, -0.89, 2.29)
(0, 2.66, -0.05, 3.96)
(0, 0.26, -0.63, -9.16)
(0, 0.22, -0.92, -11.4)
(0, 4.04, -0.39, 1.84)
(0, 0.48, -0.97, -6.93)
(0, 5.98, -0.21, 4.79)
(0, 0.17, -0.76, -6.46)
(0, 5.19, -0.05, 6.57)
(0, 0.25, -0.98, -10.57)
(0, 0.26, -0.98, -7.42)
(0, 5.23, -0.27, 1.42)
(0, 5.42, -0.34, 3.79)
(0, 0.71, -0.9, -5.2)
(0, 5.02, -0.57, 3.32)
(0, 5.18, -0.2, 2.86)
(0, 0.73, -0.69, -7.46)
(0, 0.83, -0.77, -6.49)
(0, 5.37, -0.3, 5.98)
(0, 0.35, -0.92, -4.69)
(0, 4.21, -0.35, 8.76)
(0, 4.83, -0.53, 1.69)
(0, 4.16, -0.36, 8.93)
(0, 0.23, -0.95, -10.14)
(0, 4.6, -0.15, 2.61)
(0, 5.02, -0.25, 6.29)
(0, 4.75, -0.79, 6.72)
(0, 0.21, -0.85, -4.4)
(0, 5.73, -0.4, 3.88)
(0, 4.27, -0.09, 2.08)
(0, 5.17, -0.76, 1.32)
(0, 0.1, -1.0, -5.57)
(0, 3.97, -0.2, 1.89)
(0, 4.53, -0.06, 12.03)
(0, 4.68, -0.07, 1.59)
(0, 5.59, -0.1, 1.82)
(0, -0.02, -0.98, -5.0)
(0, 0.24, -0.85, -8.02)
(0, 0.13, -0.94, -9.09)
(0, 0.1, -0.9, -6.06)
(0, 5.24, -0.13, 1.86)
(0, 0.57, -0.93, -5.35)
(0, 0.29, -0.94, -6.54)
(0, 0.46, -0.92, -7.26)
(0, -0.0, -0.74, -9.25)
(0, 0.23, -0.39, -10.1)
(0, 0.35, -0.98, -7.65)
(0, 0.02, -0.79, -4.1)
(0, 0.31, -0.95, -4.19)
(0, 5.22, -0.93, 5.54)
(0, 0.42, -0.87, -10.67)
(0, 0.08, -0.97, -4.52)
(0, -0.04, -0.94, -8.53)
(0, 0.33, -0.96, -8.13)
(0, 4.97, -0.49, 0.68)
(0, 5.3, -0.96, 1.88)
(0, 0.78, -0.99, -8.13)
(0, 4.25, -0.06, 1.62)
(1, 0.67, -0.76, -18.08)
(0, 0.06, -0.75, -5.9)
(0, 7.42, -0.7, 3.05)
(0, 0.64, -0.85, -7.79)
(0, 4.99, -0.12, 12.52)
(0, -0.04, -0.86, -6.56)
(0, 0.01, -0.97, -5.43)
(0, 0.17, -0.95, -7.49)
(0, 0.07, -0.87, -6.43)
(0, 0.38, -0.86, -7.67)
(1, 0.7, -0.88, -11.87)
(0, 4.67, -0.05, 13.01)
(0, 4.49, -0.65, 9.79)
(0, 0.43, -0.85, -7.54)
(0, 4.3, -0.24, 2.71)
(0, 0.27, -0.92, -7.26)
(0, 4.64, -0.72, 2.07)
(0, -0.02, -0.97, -4.06)
(0, 0.04, -0.9, -4.55)
(0, 5.13, -0.42, 1.43)
(0, 0.67, -0.91, -8.75)
(0, 3.56, -0.04, 0.99)
(0, 0.41, -0.95, -8.89)
(0, 5.78, -0.89, 11.41)
(0, 5.88, -0.07, 2.56)
(0, 3.81, -0.44, 1.81)
(0, 0.08, -0.56, -8.83)
(0, 0.19, -0.9, -10.03)
(0, 4.25, -0.69, 11.84)
(0, 0.23, -0.67, -8.85)
(0, 4.3, -0.39, 3.22)
(0, 0.8, -0.94, -4.79)
(0, 0.82, -0.93, -3.89)
(0, 0.46, -0.87, -8.1)
(0, 0.01, -0.94, -21.2)
(0, 0.26, -0.78, -10.17)
(0, 0.11, -0.99, -6.11)
(0, 5.09, -0.27, 1.82)
(0, 5.43, -0.05, 1.47)
(0, 0.25, -0.97, -8.32)
(0, 4.86, -0.28, 5.66)
(0, 0.63, -0.98, 1.32)
(0, 4.76, -0.14, 1.25)
(0, 5.13, -0.74, 7.54)
(0, 4.94, -0.17, 9.74)
(0, 4.98, -0.1, 7.81)
(0, 0.81, -0.56, 2.25)
(0, 4.32, -0.16, 2.11)
(0, 4.56, -0.53, 1.48)
(0, 0.3, -0.98, -10.37)
(0, 4.13, -0.18, 3.8)
(0, 4.74, -0.19, 3.33)
(0, 0.54, -1.0, -5.92)
(0, -0.03, -0.64, -8.66)
(0, 4.69, -0.2, 2.62)
(0, 2.37, -0.04, 2.68)
(0, 5.58, -0.6, 10.94)
(0, 4.1, -0.24, 5.59)
(0, 0.18, -0.82, 15.64)
(0, 0.2, -0.75, -11.65)
(0, 0.61, -0.96, -12.65)
(0, 0.05, -0.73, -10.14)
(0, 0.98, -0.97, -11.73)
(0, 5.29, -0.24, 6.79)
(0, 0.15, -0.9, -7.71)
(0, 0.68, -0.1, -6.46)
(0, 5.24, -0.31, 7.67)
(0, 0.21, -0.9, -5.12)
(0, 4.22, -0.16, 4.1)
(1, 0.33, -0.56, -23.53)
(0, 4.04, -0.27, 0.8)
(0, 0.03, -0.71, -8.62)
(0, 0.39, -0.82, -4.58)
(0, 4.83, -0.59, 8.69)
(0, 5.75, -0.05, 2.04)
(0, 4.54, -0.35, 7.06)
(0, 0.18, -0.94, -17.0)
(0, 0.98, -0.11, 1.37)
(1, 0.12, -0.91, -8.48)
(0, 4.04, -0.2, 3.43)
(0, 4.36, -0.62, 1.04)
(0, 5.69, -0.5, 2.77)
(0, 4.46, -0.45, 4.91)
(0, 0.87, -0.96, 0.47)
(0, 5.05, -0.36, 2.24)
(0, 4.85, -0.31, 2.77)
(0, 0.74, -0.87, -4.39)
(0, 0.05, -0.9, -9.91)
(0, 0.44, -0.59, -1.81)
(0, 4.63, -0.1, 2.28)
(1, 0.12, -0.77, -13.21)
(0, 0.77, -0.82, -2.53)
(0, 4.79, -0.12, 1.77)
(0, 4.47, -0.17, 1.95)
(0, 0.34, -0.75, -4.86)
(0, 1.12, -0.88, -2.42)
(1, 0.71, -0.58, -8.91)
(0, 0.88, -0.6, 9.23)
(0, 4.82, -0.16, 0.82)
(0, 0.93, -0.87, 4.2)
(0, 4.86, -0.12, 0.7)
(0, 5.54, -0.53, 1.89)
(0, 5.05, -0.16, 1.0)
(0, 4.75, -0.06, 2.44)
(0, 5.45, -0.61, 4.09)
(0, 5.22, -0.43, 5.1)
(0, 0.79, -0.48, 2.34)
(0, 0.22, -1.0, -5.96)
(0, 4.95, -0.17, 2.8)
(0, -0.03, -0.94, -7.82)
(0, 4.51, -0.18, 7.61)
(0, 5.19, -0.69, 3.2)
(0, 5.14, -0.78, 8.89)
(0, 4.36, -0.91, 6.52)
(0, 4.78, -0.13, 5.87)
(0, 0.76, -0.99, -8.17)
(0, 4.67, -0.84, 3.03)
(0, 4.7, -0.64, 5.28)
(0, 5.77, -0.57, 3.04)
(0, 4.77, -0.09, 7.42)
(0, 0.24, -0.52, -6.4)
(1, -0.05, -0.73, -4.36)
(0, 0.7, -0.47, 1.56)
(0, 4.88, -0.23, 0.72)
(0, 4.95, -0.1, 2.29)
(0, 4.74, -0.51, 0.84)
(0, 0.38, -0.79, 2.8)
(0, 5.04, -0.33, 5.85)
(0, 0.3, -0.94, -9.63)
(0, 5.14, -0.3, 8.45)
(0, 4.08, -0.63, 1.69)
(0, 4.12, -0.07, 2.05)
(0, 0.04, -0.87, -9.92)
(0, 4.43, -0.34, 5.55)
(0, 0.69, -0.59, -8.16)
(0, 0.03, -0.83, -12.23)
(0, 0.64, -0.97, -6.41)
(0, 4.16, -0.66, 3.19)
(0, 0.72, -0.92, -7.75)
(0, 4.81, -0.44, 1.23)
(0, 0.23, -0.85, -8.44)
(0, -0.03, -0.96, -7.51)
(0, -0.04, -0.93, -8.22)
(0, 5.02, -0.03, 1.87)
(0, 0.48, -0.82, -13.4)
(0, 4.14, -0.97, 6.73)
(0, 0.17, -0.8, -5.82)
(0, 5.65, -0.66, 4.3)
(0, 0.27, -0.9, -7.27)
(0, 0.39, -0.82, -7.06)
(0, 0.23, -0.78, -6.93)
(0, 0.43, -0.61, -9.8)
(0, 0.67, -0.85, -11.5)
(0, 1.11, -0.84, -4.32)
(0, 0.73, -0.86, 5.61)
(0, 0.6, -0.8, -5.78)
(0, 3.86, -0.08, 1.41)
(0, 4.13, -0.7, 2.49)
(0, 5.02, -0.13, 12.82)
(0, 0.64, -0.29, -5.17)
(0, 0.62, -0.8, -8.65)
(0, 0.01, -0.97, -8.02)
(0, 4.05, -0.19, 7.5)
(0, 4.66, -0.11, 4.99)
(0, 3.99, -0.22, 10.77)
(0, 5.02, -0.12, 1.38)
(0, 6.17, -0.34, 6.98)
(1, 0.73, -0.42, 8.79)
(0, 0.41, -0.76, -8.84)
(0, 4.01, -0.73, 3.56)
(0, 5.87, -0.63, 2.0)
(0, 3.81, -0.41, 2.49)
(0, 0.47, -0.4, 1.09)
(0, 4.94, -0.05, 2.16)
(0, 5.2, -0.11, 6.45)
(0, 0.5, -0.97, -12.56)
(0, 4.24, -0.4, 2.22)
(0, 0.86, -0.52, -6.08)
(0, 0.84, -0.85, -8.86)
(0, 4.27, -0.39, 3.54)
(0, 5.55, -0.33, 1.71)
(0, 0.43, -0.88, -7.61)
(0, 4.98, -0.04, 1.59)
(0, 0.2, -0.96, -7.9)
(0, 4.21, -0.14, 2.92)
(0, 0.14, -0.99, -11.2)
(0, 4.21, -0.96, 6.11)
(0, 0.36, -0.91, -8.69)
(0, 6.51, -0.22, 10.58)
(0, 0.16, -0.97, -10.66)
(0, 0.4, -0.91, -5.71)
(0, 0.77, -0.78, -9.03)
(0, 5.25, -0.46, 5.64)
(0, 0.24, -0.99, -8.57)
(0, 5.91, -0.5, 8.02)
(0, 0.11, -0.98, -4.35)
(0, 0.04, -0.86, -10.47)
(0, 0.37, -0.84, -8.75)
(0, -0.01, -0.9, -7.54)
(0, 5.46, -0.32, 1.68)
(0, 0.2, -0.71, -7.45)
(0, 4.97, -0.92, 12.87)
(0, 5.34, -0.19, 1.49)
(0, 4.89, -0.16, 1.98)
(0, 2.28, -0.29, 4.8)
(0, 0.71, -0.59, -18.57)
(0, 0.0, -0.78, -13.39)
(0, 0.1, -0.97, -9.17)
(0, 4.27, -0.28, 5.07)
(1, 0.56, -0.86, -8.43)
(0, 0.1, -0.96, -16.88)
(0, 3.87, -0.1, 10.54)
(0, 0.77, -0.91, -0.43)
(0, 0.21, -0.99, -12.18)
(1, 0.3, -0.97, -8.11)
(0, 0.89, -0.85, 3.41)
(0, 4.3, -0.46, 5.09)
(0, 4.39, -0.38, 4.5)
(0, 4.69, -0.25, 2.16)
(0, 5.46, -0.17, 6.13)
(0, 0.44, -0.91, 3.6)
(0, 4.18, -0.92, 4.45)
(0, 3.8, -0.52, 4.63)
(0, 0.04, -0.74, -14.02)
(0, 0.35, -1.0, -25.52)
(0, 0.69, -0.85, -9.28)
(0, 4.9, -0.18, 12.01)
(0, 0.46, -0.94, -11.57)
(0, 2.47, -0.38, 3.66)
(0, 3.08, -0.26, 7.66)
(0, 0.08, -0.79, -9.77)
(0, 0.22, -0.95, -9.09)
(0, 0.19, -0.9, -8.57)
(0, 0.95, -0.96, -11.92)
(0, 0.34, -0.93, -13.32)
(0, 0.38, -0.91, -7.62)
(1, -0.03, -0.94, -8.82)
(0, 0.13, -0.91, -7.47)
(0, 4.15, -0.09, 6.33)
(0, 4.28, -0.12, 1.35)
(0, 0.43, -0.74, -15.58)
(0, 0.66, -0.96, -12.98)
(0, 0.32, -0.89, -19.05)
(0, 0.62, -0.99, -12.11)
(0, 4.48, -0.82, 7.35)
(0, 4.03, -0.26, 9.67)
(0, 0.69, -0.99, -9.46)
(0, 0.1, -0.94, -13.37)
(0, 0.61, -0.93, -16.45)
(0, 5.4, -0.27, 4.24)
(0, 0.06, -0.97, -14.32)
(0, 4.79, -0.45, 2.36)
(0, 3.95, -0.75, 4.54)
(0, 7.18, -0.17, 5.09)
(0, 0.58, -0.93, -13.08)
(0, 0.71, -0.33, -16.58)
(0, 4.36, -0.79, 7.62)
(1, 4.99, -0.04, 22.13)
(0, 0.59, -0.65, -23.96)
(0, 4.96, -0.21, 19.11)
(0, 4.42, -0.51, 4.83)
(0, 1.02, -0.8, -9.97)
(0, 5.6, -0.38, 25.53)
(1, 4.13, -0.44, 11.93)
(0, 0.32, -0.93, -20.32)
(0, 0.28, -0.95, -13.95)
(0, 4.56, -0.08, 2.85)
(0, -0.03, -0.73, -11.62)
(0, 4.75, -0.23, 2.68)
(0, -0.0, -0.89, -18.06)
(0, 0.7, -0.74, -13.76)
(0, 5.0, -0.05, 10.4)
(0, 0.04, -0.8, -21.57)
(0, 5.01, -0.03, 5.82)
(0, 4.9, -0.43, 14.5)
(0, 0.49, -0.72, -13.3)
(0, 4.87, -0.79, 13.34)
(0, 5.97, -0.53, 15.25)
(0, 0.57, -0.11, 36.7)
(0, 5.53, -0.56, 21.29)
(0, 4.35, -0.21, 6.22)
(0, 1.02, -0.77, 12.1)
(0, 5.26, -0.54, 3.79)
(0, 0.39, -0.81, -16.71)
(0, 1.18, -0.79, -5.95)
(0, 0.06, -0.97, -20.99)
(0, 3.9, -0.04, 22.63)
(0, 0.23, -0.89, -21.41)
(0, 1.45, -0.75, 26.55)
(0, 0.01, -0.99, -22.75)
(0, 2.0, -0.74, 24.94)
(0, 0.38, -0.67, -22.69)
(0, 1.73, -0.84, 34.4)
(0, 4.09, -0.14, 10.08)
(0, 0.44, -0.81, -16.23)
(0, 4.25, -0.79, 16.7)
(0, 0.19, -0.93, -18.1)
(0, 5.2, -0.15, 21.63)
(0, 0.61, -1.0, -25.46)
(0, 0.02, -0.99, -18.05)
(0, 0.7, -0.66, 14.22)
(0, 0.63, -0.76, -26.53)
(1, 0.63, -0.6, -23.94)
(0, 0.07, -0.89, -22.26)
(0, 0.89, -0.69, -19.69)
(0, 0.14, -0.32, -8.82)
(0, 0.02, -0.69, -26.7)
(0, 3.97, -0.14, 8.55)
(0, 5.43, -0.14, 7.07)
(0, 5.37, -0.18, 4.59)
(0, 0.1, -0.92, -24.58)
(0, 0.03, -0.75, -17.97)
(0, 0.14, -0.97, -19.99)
(0, 0.8, -0.89, -22.34)
(0, 0.48, -0.51, 44.13)
(0, 0.08, -1.0, -27.77)
(0, 0.36, -0.98, -17.09)
(0, -0.02, -0.96, -14.69)
(0, 4.49, -0.29, 7.36)
(0, 5.28, -0.43, 9.15)
(0, 1.3, -0.42, 21.34)
(0, 3.91, -0.31, 1.99)
(0, 4.78, -0.02, 5.86)
(0, 0.02, -0.97, -25.07)
(0, 0.26, -0.89, -28.59)
(0, 0.85, -1.0, -26.43)
(0, 4.7, -0.24, 27.21)
(0, 4.73, -0.18, 3.75)
(0, 4.18, -0.3, 4.59)
(1, 0.57, -0.77, 35.51)
(0, 0.16, -0.97, -18.99)
(0, 4.13, -0.12, 2.8)
(0, 0.28, -0.94, -19.33)
(0, 0.24, -0.75, -15.9)
(0, 1.0, -0.97, -25.82)
(0, 0.08, -0.84, -21.79)
(0, 4.22, -0.33, 2.62)
(0, 0.25, -0.94, -14.23)
(0, 0.1, -1.0, -16.23)
(0, 0.32, -0.96, -14.17)
(0, 0.15, -0.85, -19.78)
(0, 5.45, -0.83, 16.59)
(0, 0.65, -0.96, -14.98)
(0, 5.94, -0.94, 24.49)
(0, 5.43, -0.31, 5.21)
(0, 0.95, -0.42, -16.7)
(0, 0.22, -0.9, -15.06)
(0, 4.44, -0.13, 1.97)
(0, 4.67, -0.71, 3.92)
(0, 5.83, -0.73, 13.65)
(0, 5.54, -0.02, 17.74)
(0, 0.27, -0.74, -24.62)
(0, 4.26, -0.5, 6.04)
(0, 4.33, -0.2, 6.76)
(0, 0.92, -0.91, 0.25)
(0, 0.21, -0.78, -11.47)
(0, 0.45, -0.9, -9.81)
(0, -0.02, -0.87, -15.95)
(0, -0.0, -0.8, -26.98)
(0, 4.43, -0.64, 17.4)
(0, 0.83, -0.47, 11.53)
(0, 0.33, -0.88, -14.96)
(1, 0.41, -0.97, -15.06)
(0, 3.8, -0.16, 1.61)
(0, 0.12, -0.98, -11.16)
(0, 5.2, -0.28, 3.08)
(0, 0.71, -0.74, -11.02)
(0, 1.9, -0.68, 8.0)
(0, 5.0, -0.4, 8.71)
(0, 4.86, -0.27, 5.71)
(0, 0.42, -0.75, -22.33)
(0, 5.33, -0.12, 3.55)
(1, 6.6, -0.56, 6.27)
(0, 4.4, -0.28, 1.28)
(0, 4.55, -0.09, 8.01)
(0, 4.68, -1.0, 2.42)
(0, 0.08, -0.94, -15.67)
(0, 0.45, -0.62, 3.04)
(0, 0.0, -0.9, -13.26)
(0, 1.31, -0.85, -1.73)
(0, 5.23, -0.31, 14.21)
(0, 3.64, -0.04, 2.59)
(0, 0.19, -0.98, -16.2)
(0, 0.3, -0.77, -10.38)
(0, 0.7, -0.91, -14.08)
(0, 0.62, -0.93, -10.37)
(0, 4.01, -0.04, 1.31)
(0, 5.54, -0.63, 7.17)
(0, 4.74, -0.38, 2.51)
(0, 4.37, -0.13, 1.56)
(0, 6.13, -0.09, 3.56)
(0, 0.83, -0.93, -15.78)
(0, 0.01, -0.86, -21.85)
(0, 0.95, -0.85, -17.81)
(0, 4.09, -0.61, 6.96)
(0, 0.34, -0.88, -11.18)
(0, 0.91, -0.69, -17.58)
(0, 4.22, -0.15, 5.62)
(0, 0.83, -0.88, -16.92)
(0, 0.07, -0.78, -25.83)
(0, 0.01, -0.77, -16.56)
(0, 4.38, -0.73, 22.8)
(0, 0.09, -0.97, -19.46)
(0, 5.04, -0.18, 4.48)
(0, 0.47, -0.82, -21.06)
(0, 0.6, -0.97, -14.88)
(0, 5.15, -1.0, 7.24)
(0, 0.38, -0.99, -27.66)
(1, 0.02, -1.01, -12.57)
(0, 5.92, -0.3, 14.94)
(0, 5.06, -0.58, 7.74)
(0, 4.2, -0.27, 11.79)
(0, 4.37, -0.49, 14.63)
(0, 5.63, -0.2, 18.4)
(0, 0.34, -0.79, -22.19)
(0, 5.27, -0.7, 5.26)
(0, 2.31, -0.56, 20.65)
(0, 6.11, -0.36, 7.09)
(0, 4.33, -0.15, 7.32)
(0, 0.2, -0.89, -20.61)
(0, 0.59, -0.97, -17.3)
(0, 4.55, -0.6, 10.01)
(0, 1.05, -0.89, -6.56)
(0, 1.02, -0.4, 25.1)
(0, 1.5, -0.18, 17.0)
(0, 5.07, -0.21, 4.62)
(0, 0.86, -0.9, -18.91)
(0, 0.69, -0.96, -5.9)
(0, 6.28, -0.11, 16.85)
(1, 0.18, -0.92, -21.38)
(0, 1.97, -0.61, 33.78)
(0, 4.04, -0.87, 4.39)
(0, 4.99, -0.25, 10.85)
(0, 3.17, -0.61, 5.4)
(0, 4.19, -0.39, 23.77)
(0, 0.32, -0.9, -12.93)
(0, 0.12, -0.77, -16.76)
(0, 0.42, -0.78, -14.17)
(0, 4.59, -0.47, 13.02)
(0, 0.93, -0.93, -17.59)
(0, 0.03, -0.89, -12.55)
(0, 4.59, -0.93, 2.01)
(0, 0.66, -0.73, -15.01)
(0, -0.02, -0.97, -19.5)
(0, 0.76, -0.82, 28.37)
(0, 6.25, -0.03, 5.7)
(0, 4.09, -0.54, 6.29)
(0, 0.9, -0.48, 0.16)
(0, 3.9, -0.43, 13.77)
(0, 4.25, -0.03, 1.69)
(0, 1.03, -0.69, -5.19)
(0, 0.29, -0.96, -19.81)
(0, 5.19, -0.32, 8.96)
(0, 0.86, -0.5, 4.06)
(0, 2.08, -0.12, 4.72)
(0, 7.79, -0.32, 7.81)
(0, 0.99, -0.99, -3.84)
(0, 3.94, -0.6, 1.97)
(0, 4.77, -0.23, 5.64)
(0, 0.62, -0.82, -9.5)
(0, 0.5, -0.39, -1.98)
(0, 0.36, -0.85, -13.47)
(0, 1.03, -0.93, -6.41)
(0, 4.95, -0.52, 3.54)
(1, 0.24, -0.98, -16.25)
(0, 0.96, -0.57, 15.22)
(0, 3.71, -0.9, 1.75)
(0, 0.54, -1.02, -14.38)
(0, 5.69, -0.79, 10.54)
(0, 0.08, -0.85, -13.01)
(0, 5.81, -0.08, 21.11)
(0, 4.31, -0.27, 15.09)
(0, 1.01, -0.89, -5.94)
(0, 0.73, -0.88, -11.38)
(0, 0.23, -0.78, -9.36)
(1, 0.07, -0.79, -26.43)
(0, 0.69, -0.89, -21.5)
(0, 4.21, -0.22, 6.87)
(0, 0.07, -0.88, -10.97)
(0, -0.02, -0.02, -14.03)
(0, 0.83, -0.93, -19.96)
(0, 3.53, -0.93, 5.75)
(0, -0.03, -0.87, -10.11)
(0, 4.18, -0.35, 2.91)
(0, 6.48, -0.41, 4.12)
(0, 0.33, -0.93, -9.49)
(0, 5.46, -0.02, 21.03)
(1, 0.85, -0.85, 16.1)
(0, 4.46, -0.21, 9.86)
(0, 0.47, -0.69, -12.44)
(0, 5.57, -0.18, 4.44)
(0, -0.02, -0.95, -11.27)
(0, 0.98, -0.73, -18.05)
(0, 0.67, -0.83, 5.89)
(0, 5.07, -0.43, 2.32)
(0, 0.59, -0.93, -8.4)
(0, 4.73, -0.15, 1.63)
(0, 0.37, -0.84, -14.86)
(0, 4.22, -0.04, 4.01)
(0, 4.48, -0.21, 2.53)
(0, 0.27, -0.82, -9.24)
(0, 0.71, -0.75, 3.61)
(0, 5.87, -0.32, 3.69)
(0, 4.35, -0.18, 5.98)
(1, 0.85, -0.86, -8.62)
(0, 0.26, -0.95, -11.37)
(0, 0.42, -0.95, -11.13)
(0, 5.32, -0.06, 3.42)
(0, 5.54, -0.47, 12.55)
(0, 5.87, -0.68, 13.84)
(0, 1.35, -0.81, 22.81)
(0, 5.67, -0.11, 7.01)
(0, 0.88, -0.46, 14.31)
(0, 1.12, -1.11, -4.16)
(0, 5.11, -0.65, 3.74)
(0, 0.15, -0.97, -11.44)
(0, 0.07, -0.89, -10.02)
(0, 0.6, -0.85, -10.24)
(0, 4.5, -0.06, 6.58)
(0, 0.65, -0.86, -7.47)
(0, 1.51, -0.8, 5.73)
(0, 0.63, -0.82, 2.12)
(0, 5.04, -0.16, 4.68)
(0, 4.02, -0.25, 3.69)
(0, 0.44, -0.99, -11.14)
(0, 5.36, -0.4, 10.62)
(0, -0.01, -0.83, -11.92)
(0, 0.53, -0.96, -16.42)
(0, 0.32, -1.0, -26.28)
(0, 1.0, -0.9, -7.07)
(0, 4.2, -0.72, 4.52)
(0, 3.6, -0.9, 2.18)
(0, 4.06, -0.81, 4.6)
(0, 4.3, -0.33, 1.34)
(0, 0.24, -0.9, -7.96)
(0, -0.04, -0.04, 24.54)
(1, 1.92, -0.07, 32.2)
(0, 0.48, -0.75, -3.76)
(0, 0.58, -0.62, 3.85)
(0, 4.42, -0.05, 1.65)
(0, 0.32, -0.95, -9.78)
(0, 6.64, -0.69, 2.72)
(0, 0.48, -0.9, -10.42)
(0, 2.12, -0.94, 2.52)
(0, 0.09, -0.92, -18.99)
(0, 3.42, -0.94, 4.56)
(0, -0.04, -0.87, -7.82)
(0, 0.77, -0.86, -4.69)
(0, 5.12, -0.24, 2.8)
(0, 0.29, -0.95, -8.15)
(0, 5.04, -0.81, 8.35)
(0, 0.06, -0.9, -11.81)
(0, 0.12, -0.74, -9.96)
(0, 4.11, -0.3, 2.65)
(0, 4.31, -0.49, 5.19)
(0, 0.91, -0.92, -8.74)
(0, 2.35, -0.58, 12.49)
(1, 1.5, -0.16, 25.81)
(0, 1.68, -1.66, -4.94)
(0, 4.41, -0.45, 1.56)
(0, 0.04, -0.82, -15.01)
(0, 5.07, -0.1, 6.25)
(0, 0.87, -0.97, -14.77)
(0, 0.55, -0.75, -17.16)
(1, 1.14, -0.24, 16.53)
(0, 0.99, -0.77, -12.2)
(0, 5.67, -0.18, 2.78)
(0, 1.45, -0.87, -5.26)
(0, 0.08, -0.74, -22.62)
(0, 4.75, -0.07, 3.55)
(0, 0.52, -1.11, -15.74)
(0, 4.74, -0.17, 4.61)
(0, 0.35, -0.69, -16.17)
(0, 1.15, -0.74, 4.34)
(0, 5.47, -0.32, 6.99)
(0, 5.75, -0.79, 6.76)
(0, 4.73, -0.09, 8.74)
(0, 4.86, -0.02, 17.54)
(0, 4.12, -0.57, 19.61)
(0, 0.05, -0.76, -16.21)
(0, 4.72, -0.54, 19.74)
(0, 5.58, -0.5, 12.85)
(0, 4.05, -0.67, 5.59)
(0, 4.34, -0.97, 1.93)
(0, 5.12, -0.94, 11.14)
(0, 0.52, -0.97, -13.66)
(0, 4.87, -0.9, 3.24)
(0, 0.05, -0.81, -16.22)
(0, 0.1, -0.9, -25.8)
(0, 5.31, -0.17, 5.1)
(0, 0.41, -0.88, -12.68)
(0, 0.24, -0.72, -12.16)
(0, 0.07, -0.94, -12.77)
(0, 0.33, -1.0, -12.99)
(0, 0.43, -0.7, -15.65)
(0, 0.2, -0.99, -29.2)
(1, 0.76, -0.54, -22.63)
(0, 4.99, -0.47, 7.42)
(0, 7.57, -0.4, 13.67)
(0, 0.33, -0.95, -11.07)
(0, 6.0, -0.29, 5.75)
(0, 4.68, -0.37, 11.91)
(0, 5.05, -0.24, 17.5)
(0, 4.56, -0.51, 9.94)
(0, 0.85, -0.93, -24.72)
(0, 1.73, -0.11, 16.89)
(0, 4.9, -0.05, 5.37)
(0, 0.68, -0.85, -17.12)
(0, 0.11, -0.94, -11.61)
(0, 4.84, -0.06, 2.9)
(0, 1.03, -0.94, -9.59)
(0, 4.06, -0.54, 3.68)
(0, 4.44, -0.48, 2.5)
(0, 4.34, -0.24, 11.51)
(0, 0.85, -1.0, -11.0)
(0, 4.16, -0.1, 1.74)
(0, 4.84, -0.53, 8.25)
(0, 4.69, -0.34, 2.47)
(0, 0.56, -0.79, -15.16)
(0, 4.48, -0.81, 3.33)
(0, 4.93, -0.37, 3.72)
(0, 5.81, -0.35, 13.11)
(0, 5.58, -0.03, 11.08)
(0, 4.07, -0.9, 6.59)
(0, 4.89, -0.74, 5.91)
(0, 4.84, -0.59, 2.83)
(1, 1.09, -0.11, 4.53)
(0, 0.55, -0.92, -25.79)
(0, 0.2, -0.95, -24.38)
(0, 4.51, -0.31, 20.39)
(0, 0.95, -0.36, 20.95)
(0, 3.42, -0.5, 6.62)
(0, 4.08, -0.61, 3.35)
(0, 4.73, -0.62, 1.8)
(0, 4.44, -0.05, 21.49)
(0, 5.0, -0.07, 5.64)
(0, 0.5, -0.95, -13.71)
(0, 5.13, -0.92, 1.73)
(1, 1.09, -0.52, 3.81)
(0, 3.28, -0.2, 2.36)
(0, 0.03, -0.86, -12.05)
(0, 1.88, -0.98, 11.28)
(0, 5.56, -0.02, 4.1)
(0, 4.21, -0.58, 3.35)
(0, 0.19, -0.93, -17.82)
(0, 2.01, -0.63, 24.65)
(0, 0.39, -1.0, -12.64)
(0, 4.29, -0.47, 3.48)
(0, 0.09, -0.92, -9.76)
(0, 0.21, -0.78, -10.63)
(1, 0.26, -0.96, -12.29)
(0, 0.32, -0.97, -9.15)
(0, 4.7, -0.63, 8.28)
(0, 0.56, -0.89, -14.51)
(0, 0.2, -0.93, -14.29)
(0, 0.9, -0.97, -13.77)
(0, 0.21, -0.65, -11.19)
(0, 0.99, -0.58, -13.42)
(0, 3.38, -0.14, 3.44)
(0, 1.06, -0.89, -14.04)
(0, 0.8, -0.79, 9.16)
(0, 0.08, -0.99, -17.59)
(0, 0.54, -0.77, -18.91)
(1, 1.67, -0.28, 24.47)
(0, 0.49, -0.62, -24.09)
(0, 1.76, -0.11, 23.46)
(0, 0.27, -0.94, -11.59)
(0, 4.97, -0.16, 1.92)
(0, 0.99, -0.99, -17.75)
(0, 4.63, -0.06, 11.51)
(0, 4.58, -0.63, 8.41)
(0, 0.61, -0.91, -25.03)
(0, 3.16, -0.36, 3.27)
(0, 0.53, -0.87, -18.97)
(0, 0.26, -0.93, -22.58)
(0, 5.35, -0.9, 13.29)
(0, 0.24, -0.77, -16.31)
(0, 1.8, -0.73, 19.82)
(0, 0.04, -0.94, -23.67)
(0, 0.39, -0.9, -20.12)
(0, 3.54, -0.2, 3.05)
(0, 4.23, -0.27, 6.55)
(0, 4.53, -0.13, 18.49)
(0, 0.75, -0.97, -20.76)
(1, 1.11, -0.13, 7.22)
(0, 4.91, -0.45, 23.76)
(0, 6.14, -0.93, 6.96)
(0, 0.25, -0.83, -15.15)
(0, 1.87, -0.29, 31.51)
(0, 6.93, -0.03, 10.96)
(0, 1.95, -0.04, 34.07)
(0, 0.04, -0.58, -16.6)
(0, 0.64, -0.82, -15.45)
(0, 1.86, -0.59, 55.07)
(0, 1.99, -0.52, 41.65)
(0, 1.77, -0.08, 23.15)
(0, 1.53, -0.7, 7.86)
(0, 1.09, -0.64, 6.68)
(1, 1.13, -0.41, 5.57)
(0, 0.92, -0.9, -22.51)
(0, 0.05, -0.8, -19.91)
(0, 0.95, -0.89, -24.6)
(0, 1.56, -0.52, 34.6)
(0, 0.18, -0.81, -17.7)
(0, 1.21, -0.2, 4.5)
(0, 1.91, -0.12, 14.62)
(0, 1.91, -0.35, 44.94)
(0, 0.31, -0.97, -22.97)
(0, 0.13, -0.82, -27.02)
(0, 1.15, -0.01, 6.21)
(0, 1.36, -0.59, 6.78)
(1, 0.35, -0.97, -26.16)
(0, 0.41, -0.94, -18.3)
(0, 1.22, -0.43, 5.85)
(0, 1.07, -0.84, 6.51)
(0, 2.01, -0.2, 14.4)
(0, 1.36, -0.41, 31.21)
(0, 1.48, -0.02, 31.93)
(0, 1.42, -0.23, 4.18)
(0, 5.0, -0.08, 9.22)
(0, 1.44, -0.44, 4.6)
(0, 3.97, -0.92, 27.07)
(0, 0.77, -0.97, -24.23)
(0, 0.07, -0.86, -23.79)
(0, 0.82, -0.75, -0.74)
(0, 0.13, -0.66, -17.24)
(0, 1.67, -0.1, 34.28)
(0, 0.57, -0.87, -14.03)
(0, 4.51, -0.18, 15.63)
(0, 0.09, -0.61, -17.82)
(0, 0.29, -0.16, 32.83)
(0, 5.02, -0.02, 10.98)
(0, 1.2, -1.06, -20.29)
(0, 3.85, -0.27, 6.03)
(1, 0.14, -0.96, -19.68)
(0, 0.61, -0.68, -28.34)
(0, 0.46, -0.91, -15.95)
(0, 0.91, -0.78, -7.9)
(0, 4.53, -0.07, 27.61)
(0, 1.88, -0.28, 20.82)
(0, 0.06, -0.86, -23.83)
(0, 0.1, -0.94, -19.18)
(0, 0.43, -1.83, 0.72)
(0, 0.36, -0.91, -14.0)
(0, 0.25, -0.99, -18.24)
(0, 0.26, -0.83, -13.46)
(0, 6.84, -0.02, 6.4)
(0, 0.42, -0.97, -14.5)
(0, -0.02, -0.98, -10.24)
(0, -0.05, -0.93, -9.59)
(0, 4.33, -0.06, 2.68)
(0, 1.49, -0.32, 4.59)
(0, 0.66, -0.62, -21.56)
(0, 0.06, -0.65, -14.86)
(0, 4.28, -0.02, 16.93)
(0, 4.67, -0.47, 2.73)
(0, 0.33, -0.96, -22.95)
(0, 1.22, -0.31, 3.76)
(0, 0.23, -0.99, -25.15)
(0, 4.01, -0.33, 20.74)
(0, -0.03, -0.88, -17.72)
(0, 4.63, -0.11, 20.97)
(0, 5.21, -0.03, 4.48)
(0, 6.38, -0.9, 6.21)
(0, 4.17, -0.26, 24.58)
(1, 1.77, -0.07, 21.97)
(0, 0.08, -0.91, -26.99)
(0, 0.46, -0.97, -16.14)
(0, 5.04, -0.94, 19.36)
(0, 0.24, -0.74, -24.69)
(0, 0.03, -0.96, -24.32)
(0, 4.29, -0.08, 22.14)
(0, 0.52, -0.78, -23.56)
(1, 0.57, -0.94, -18.71)
(0, 0.45, -0.39, -27.52)
(0, 4.52, -0.04, 24.33)
(0, 5.45, -0.43, 3.39)
(0, 5.12, -0.77, 18.5)
(0, 4.64, -0.42, 2.95)
(0, 4.19, -0.21, 10.97)
(0, 4.91, -0.85, 3.99)
(0, 5.39, -0.17, 8.59)
(0, 4.92, -0.28, 18.81)
(0, 0.11, -0.8, -19.31)
(1, 0.3, -0.82, -20.08)
(0, 5.1, -0.33, 4.22)
(0, 0.13, -0.93, -23.34)
(0, 0.72, -0.92, -27.47)
(0, 0.34, -0.76, -10.59)
(0, 4.58, -0.41, 19.42)
(0, -0.02, -0.72, -28.92)
(0, 4.16, -0.49, 13.6)
(0, 1.74, -0.27, 40.72)
(0, 0.68, -0.84, -21.5)
(0, 0.76, -0.9, -3.42)
(0, 1.86, -0.08, 49.89)
(0, 5.51, -0.29, 6.66)
(0, 0.72, -0.85, -24.09)
(0, 0.47, -0.96, -28.64)
(0, 0.63, -0.89, -17.24)
(0, 0.25, -0.54, -16.29)
(0, 0.71, -0.99, -18.86)
(0, 0.52, -0.94, -19.77)
(0, 0.02, -0.96, -17.08)
(0, 6.5, -0.45, 5.87)
(0, 1.34, -0.98, 4.19)
(0, 0.27, -0.99, -15.65)
(0, 0.96, -0.85, -17.29)
(0, 0.35, -0.83, -25.67)
(1, 0.28, -0.92, -26.79)
(0, 0.71, -0.64, -28.08)
(0, 0.01, 0.01, -2.9)
(0, 0.96, -0.99, -25.33)
(0, 5.0, -0.54, 9.63)
(0, 0.04, -0.92, -22.3)
(1, 1.27, -0.11, 7.07)
(0, 0.68, -0.61, 1.92)
(0, 0.45, -0.88, -25.12)
(0, 4.32, -0.95, 6.95)
(0, 6.0, -0.6, 14.07)
(0, 6.32, -0.04, 20.27)
(0, 5.35, -0.6, 20.06)
(0, 0.13, -0.85, -17.35)
(1, 0.31, -0.66, -8.75)
(0, 0.08, -0.84, -17.78)
(0, 4.11, -0.4, 7.4)
(0, 0.3, -0.91, -18.93)
(0, -0.01, -0.92, -29.45)
(0, 1.0, -0.94, -11.26)
(0, 0.82, -0.83, -11.41)
(0, 0.39, -0.96, -18.19)
(0, 5.54, -0.06, 4.1)
(0, 0.33, -0.68, -14.09)
(1, 4.8, -0.08, 24.71)
(0, 0.47, -0.97, -17.38)
(0, 0.33, -0.98, -23.8)
(0, -0.03, -0.69, -22.13)
(0, 4.85, -0.14, 7.26)
(0, 1.07, -0.99, -8.55)
(0, 0.35, -0.94, -20.18)
(0, 4.52, -0.1, 8.55)
(0, 4.75, -0.16, 7.36)
(0, 0.55, -0.77, -20.06)
(0, 0.11, -0.98, -27.37)
(0, -0.01, -0.93, -26.71)
(0, 0.28, -0.75, -26.06)
(0, 4.57, -0.39, 22.55)
(0, 6.07, -0.19, 10.37)
(0, 0.39, -0.96, -27.56)
(1, 5.05, -0.15, 20.81)
(0, 0.16, -0.77, -15.58)
(0, 0.06, -0.86, -17.54)
(0, 0.19, -0.84, -16.05)
(0, 4.74, -0.69, 20.09)
(0, 0.41, -0.99, -26.79)
(0, 0.68, -0.43, 5.47)
(0, 1.27, -0.51, -0.63)
(0, 0.03, -0.85, -17.54)
(0, 5.48, -0.44, 11.41)
(0, 0.66, -0.71, -16.7)
(0, 4.45, -0.76, 2.64)
(0, 5.51, -0.54, 26.59)
(0, 0.67, -0.95, -16.73)
(0, 0.19, -0.88, -29.3)
(0, -0.01, -0.87, -27.58)
(0, 0.32, -0.72, -26.07)
(0, 0.18, -0.56, -17.74)
(0, 1.02, -0.25, 3.96)
(0, 1.59, -0.73, 29.27)
(0, 0.84, -0.48, 23.34)
(0, 0.21, -1.0, -29.0)
(0, 0.41, -0.76, -25.97)
(0, 0.66, -0.88, -25.31)
(0, 0.96, -0.95, -21.87)
(0, 1.99, -0.73, 27.29)
(0, 1.3, -0.43, 7.13)
(0, 1.74, -0.25, 19.28)
(0, 0.47, -0.93, -27.03)
(0, 3.96, -0.07, 3.31)
(0, 1.49, -0.64, 5.45)
(0, 0.88, -0.62, 7.88)
(0, 1.64, -0.15, 14.28)
(0, 1.7, -0.34, 33.59)
(0, 1.18, -0.44, 4.79)
(0, 0.88, -0.93, -18.59)
(0, -0.02, -0.36, -16.39)
(0, 0.04, -0.7, -26.95)
(0, 1.08, -0.11, 3.99)
(0, 4.32, -0.26, 26.92)
(0, 5.53, -0.25, 7.13)
(0, 5.33, -0.6, 6.49)
(0, 1.71, -0.75, 11.21)
(0, 1.7, -0.32, 32.42)
(0, 0.52, -0.89, -16.02)
(0, 0.52, -0.97, -26.08)
(0, 0.58, -0.95, -29.63)
(0, 4.97, -0.23, 4.5)
(0, 0.56, -0.91, -21.71)
(0, 0.82, -0.96, -22.32)
(0, 0.23, -0.8, -28.44)
(0, 4.63, -0.05, 13.38)
(0, 5.94, -0.63, 24.12)
(0, 1.65, -0.77, 15.05)
(0, 0.3, -0.86, -22.28)
(0, 0.57, -0.76, -15.16)
(0, 0.1, -0.92, -15.79)
(0, 4.04, -0.1, 4.03)
(0, 0.14, -0.97, -15.3)
(0, 0.71, -1.0, -14.71)
(0, 5.17, -0.11, 11.42)
(0, 0.44, -0.91, -19.56)
(0, 1.91, -0.37, 40.46)
(0, 4.62, -0.56, 18.8)
(0, 0.03, -0.91, -22.43)
(0, 0.99, -0.88, -22.41)
(0, 0.6, -0.97, -15.39)
(1, 1.53, -0.56, 15.28)
(0, 1.05, -0.2, 4.14)
(0, 1.24, -0.69, 4.68)
(0, 4.15, -0.11, 3.35)
(0, 5.22, -0.44, 7.92)
(0, 0.36, -0.44, -25.87)
(1, 1.17, -0.04, 19.04)
(0, 5.21, -0.38, 3.55)
(0, 5.61, -0.3, 9.8)
(0, 4.82, -0.4, 6.77)
(1, 0.34, -0.5, -25.3)
(0, 6.82, -0.3, 12.19)
(0, 1.62, -0.11, 27.57)
(0, 0.2, -0.78, -25.04)
(0, 0.72, -0.7, -20.55)
(0, 0.34, -0.87, -26.26)
(0, 0.04, -0.64, -27.12)
(0, 4.14, -0.33, 13.21)
(0, 0.5, -0.82, -22.57)
(0, 4.76, -0.09, 3.4)
(0, 0.41, -0.99, -15.28)
(0, 0.38, -0.83, -16.7)
(0, 4.62, -0.96, 3.37)
(0, 4.38, -0.69, 13.18)
(0, 1.61, -0.47, 5.37)
(0, 5.92, -0.33, 4.74)
(0, 0.76, -0.68, -23.63)
(0, 5.21, -0.45, 29.0)
(0, 0.86, -0.72, 13.15)
(0, 0.1, -0.83, -20.18)
(0, 0.55, -0.83, -20.83)
(1, 3.64, -0.46, 29.92)
(0, -0.02, -0.9, -28.66)
(0, 4.17, -0.15, 6.04)
(0, 0.38, -0.21, -12.3)
(0, -0.02, -0.99, -20.09)
(0, 0.66, -0.83, -17.38)
(0, 5.31, -0.96, 5.54)
(0, 0.1, -0.92, -20.53)
(0, 4.27, -0.31, 3.2)
(0, 0.41, -0.9, -16.23)
(0, 0.02, -0.76, -18.8)
(0, 0.1, -0.74, -16.86)
(0, 0.02, -0.97, -17.93)
(0, 0.49, -0.95, -16.29)
(0, 5.06, -0.31, 10.27)
(0, 4.8, -0.22, 9.38)
(0, 4.11, -0.6, 6.05)
(0, 4.05, -0.88, 5.33)
(0, 0.13, -0.88, -15.83)
(1, 1.01, -0.3, 5.24)
(0, 3.3, -0.66, 4.15)
(0, 0.74, -0.68, -11.78)
(0, 4.9, -0.74, 4.98)
(0, 0.73, -0.93, -17.33)
(0, 3.16, -0.46, 3.67)
(1, 0.39, -0.92, -14.9)
(0, 0.44, -0.85, -25.91)
(0, 4.68, -0.08, 1.9)
(0, 4.02, -0.64, 3.24)
(1, 0.93, -0.94, -19.02)
(1, 0.12, -0.87, -17.18)
(0, 4.26, -0.39, 2.79)
(0, 4.7, -0.63, 12.05)
(0, 0.88, -0.87, -11.75)
(0, 4.2, -0.43, 4.46)
(1, 0.28, -0.87, -15.11)
(0, 0.02, -0.99, -21.82)
(0, 4.25, -0.63, 15.64)
(0, 0.24, -0.73, -11.04)
(0, 5.29, -0.26, 4.53)
(0, 4.54, -0.33, 18.82)
(0, 4.77, -0.6, 5.88)
(0, 0.87, -0.9, -24.06)
(0, 4.67, -0.25, 17.86)
(0, 0.28, -0.95, -9.05)
(0, 4.61, -0.82, 4.2)
(0, 0.04, -0.95, -15.2)
(0, 5.29, -0.48, 14.28)
(0, 0.44, -0.98, -20.66)
(0, 0.74, -0.51, 1.44)
(0, 4.45, -0.26, 2.12)
(1, 0.13, -0.9, -11.79)
(0, 0.44, -0.86, -13.45)
(0, 4.96, -0.06, 12.27)
(0, 0.3, -0.7, -12.71)
(0, 0.24, -0.99, -18.86)
(0, 0.26, -0.88, -19.67)
(0, 1.23, -0.87, -6.19)
(0, 0.26, -0.86, -7.53)
(0, 6.46, -0.68, 4.26)
(0, 0.02, -0.92, -26.19)
(0, 0.01, -0.72, -23.04)
(0, 0.56, -0.9, -21.39)
(0, 1.62, -0.25, 13.45)
(0, 4.49, -0.44, 10.89)
(0, 0.43, -0.78, -7.91)
(0, 4.55, -0.03, 4.86)
(0, 4.36, -0.17, 2.68)
(0, 0.51, -0.71, -15.71)
(0, 0.14, -0.6, -22.05)
(0, 1.61, -0.23, 15.45)
(0, 4.8, -0.31, 16.66)
(0, 0.32, -0.56, -1.6)
(1, 0.11, -0.99, -20.57)
(0, 0.88, -0.97, -23.19)
(0, 5.29, -0.91, 9.14)
(0, 4.6, -0.33, 1.54)
(0, 7.57, -0.51, 8.0)
(0, 0.14, -0.47, -12.81)
(0, 4.55, -0.94, 24.06)
(0, 0.51, -0.85, -16.93)
(0, 4.23, -0.31, 6.8)
(0, 0.49, -0.82, -14.78)
(0, 4.6, -0.95, 2.65)
(0, 0.61, -0.48, 4.87)
(0, 0.74, -0.73, -1.31)
(0, 0.39, -0.88, -15.79)
(0, 4.48, -0.55, 8.49)
(0, 4.61, -0.11, 3.1)
(0, 0.8, -0.99, -20.84)
(0, 0.41, -0.96, -24.57)
(0, 4.3, -0.47, 1.32)
(0, 4.37, -0.24, 4.45)
(0, 0.27, -0.94, -18.14)
(0, 4.98, -0.29, 23.9)
(0, 4.0, -0.6, 16.4)
(0, 4.24, -0.16, 11.88)
(0, -0.05, -0.88, -12.08)
(0, 0.13, -0.9, -20.76)
(0, 1.06, -0.93, -8.33)
(0, 0.63, -0.79, -23.78)
(0, 4.54, -0.09, 24.24)
(0, 4.39, -0.38, 5.09)
(0, 5.55, -0.04, 22.44)
(0, 4.33, -0.82, 2.0)
(0, 0.38, -0.94, -15.49)
(0, 5.59, -0.51, 13.83)
(0, 4.94, -0.13, 8.35)
(0, 0.72, -0.96, -17.63)
(0, 4.55, -0.95, 8.13)
(0, 0.51, -0.7, -13.85)
(0, 4.39, -0.3, 21.65)
(0, 0.53, -0.92, -9.71)
(0, 0.04, -0.91, -11.12)
(0, 0.16, -0.93, -17.81)
(0, 4.54, -0.15, 1.95)
(0, 0.21, -0.73, -16.21)
(1, 3.93, -0.91, 8.81)
(0, 3.48, -0.33, 1.89)
(0, 5.05, -0.71, 17.96)
(0, 0.6, -0.76, -22.6)
(0, 4.17, -0.59, 26.41)
(0, 4.52, -0.23, 9.54)
(0, 0.95, -0.41, 6.39)
(0, 5.57, -0.34, 17.06)
(0, 4.57, -0.03, 2.69)
(0, 0.6, -0.91, -16.26)
(0, 4.86, -0.16, 2.76)
(1, 4.53, -0.56, 26.78)
(0, 1.03, -0.53, 3.76)
(0, 1.15, -0.27, 8.91)
(0, 0.23, -0.97, -12.52)
(0, 0.02, -0.93, -12.29)
(0, 4.95, -0.32, 12.87)
(0, 0.17, -0.88, -24.86)
(0, 3.8, -0.56, 8.4)
(0, 1.34, -0.13, 4.22)
(0, 0.26, -0.87, -16.41)
(0, 0.08, -0.96, -13.7)
(0, 3.99, -0.82, 6.58)
(0, 0.14, -0.99, -16.99)
(0, 0.02, -0.63, -13.85)
(0, 2.88, -0.67, 2.62)
(0, 1.64, -0.41, 12.22)
(0, 4.88, -0.04, 3.85)
(0, 0.2, -0.99, -20.44)
(0, 0.21, -0.99, -22.54)
(0, 3.98, -0.59, 6.84)
(0, 0.61, -0.85, -14.24)
(0, 0.1, -0.71, -14.55)
(0, 0.63, -0.71, -17.57)
(0, 4.59, -0.79, 5.78)
(0, 5.99, -0.05, 8.92)
(0, 0.81, -0.22, 8.16)
(0, 4.52, -0.12, 2.07)
(0, 4.31, -0.16, 14.89)
(0, -0.02, -0.46, -12.32)
(0, 4.99, -0.98, 21.74)
(1, 4.01, -0.47, 10.64)
(0, 5.43, -0.47, 3.89)
(0, 0.46, -0.88, -11.78)
(0, 4.98, -0.21, 9.75)
(0, 0.81, -0.97, -15.15)
(0, 4.76, -0.46, 2.39)
(0, 0.22, -0.87, -17.06)
(0, 5.25, -0.23, 16.34)
(0, 6.19, -0.99, 20.46)
(0, 4.34, -0.46, 2.25)
(0, 4.15, -0.45, 15.36)
(0, -0.01, -0.96, -17.86)
(0, 0.8, -0.47, 10.75)
(0, -0.01, -0.78, -13.4)
(0, 4.99, -0.69, 3.05)
(0, 0.59, -0.83, -17.59)
(0, 5.4, -0.87, 16.61)
(0, 4.33, -0.86, 21.54)
(0, 4.1, -0.68, 8.72)
(0, 0.28, -0.91, -8.67)
(0, 0.6, -0.56, -17.87)
(0, 4.87, -0.18, 3.18)
(0, 0.22, -0.94, -13.82)
(0, 4.65, -0.75, 21.83)
(0, 3.93, -0.38, 5.96)
(0, 0.45, -0.38, -14.65)
(0, 0.04, -0.99, -10.76)
(0, 0.23, -0.83, -19.2)
(1, 4.04, -0.98, 6.14)
(0, 3.65, -0.37, 2.12)
(0, 0.14, -0.93, -18.6)
(0, 1.31, -0.52, 3.79)
(0, 4.73, -0.05, 2.27)
(0, 0.11, -0.44, -16.94)
(0, 0.09, -0.92, -11.59)
(0, 0.04, -0.81, -7.45)
(0, 2.84, -0.11, 2.06)
(0, 0.28, -0.97, -12.38)
(0, 0.6, -1.0, -13.58)
(1, 5.51, -0.79, 7.23)
(0, 0.81, -0.97, -22.08)
(0, 0.79, -0.82, -12.45)
(0, 0.59, -0.62, -7.28)
(0, 0.84, -0.97, -21.54)
(0, 2.32, -0.13, 9.48)
(0, 0.83, -0.96, 13.19)
(0, 0.87, -0.85, -4.68)
(0, 0.59, -0.65, -14.38)
(1, 4.52, -0.16, 6.04)
(0, 0.03, -0.98, -17.8)
(0, 5.75, -0.76, 4.45)
(0, 0.68, -0.88, -16.39)
(0, 0.15, -0.88, -10.74)
(1, 5.36, -0.47, 4.11)
(0, 0.92, -0.91, 31.22)
(0, 3.78, -0.08, 2.96)
(0, 4.36, -0.15, 4.61)
(0, 4.31, -0.12, 26.61)
(0, 0.6, -0.97, -23.26)
(0, 4.71, -0.51, 6.11)
(0, 4.15, -0.94, 8.3)
(0, 0.9, -0.85, -4.12)
(0, 0.96, -0.9, 12.42)
(0, 5.18, -0.61, 6.22)
(0, 0.64, -0.97, -23.01)
(0, 0.15, -0.73, -17.68)
(0, 0.18, -0.51, -24.52)
(0, 3.87, -0.14, 3.36)
(0, 1.9, -0.7, 19.97)
(0, 0.03, -0.96, -27.38)
(0, 4.69, -0.22, 12.38)
(0, 0.29, -0.95, -19.01)
(0, 1.26, -0.42, 3.81)
(0, 1.38, -0.02, 4.46)
(0, 0.8, -0.2, -27.03)
(0, -0.01, -0.79, -18.26)
(0, 0.08, -0.92, -19.75)
(0, 4.59, -0.64, 9.5)
(0, 0.04, -0.7, -20.19)
(0, 0.65, -0.98, -17.12)
(0, 0.3, -0.87, -16.46)
(1, 4.37, -0.18, 8.64)
(0, 0.25, -0.77, -10.61)
(0, 0.35, -0.67, -21.3)
(0, 0.12, -0.99, -26.29)
(0, 5.21, -0.22, 14.06)
(0, 4.66, -0.95, 2.57)
(0, 6.16, -0.41, 12.69)
(0, 5.23, -0.36, 17.41)
(0, 4.83, -0.49, 10.11)
(0, 4.22, -0.48, 5.05)
(0, 5.45, -0.37, 7.58)
(0, 5.9, -0.55, 5.63)
(0, 5.4, -0.59, 2.65)
(0, 5.22, -0.3, 5.3)
(0, 4.62, -0.69, 17.07)
(0, 4.4, -0.53, 19.34)
(0, 4.66, -0.46, 6.17)
(0, 4.9, -0.3, 9.63)
(0, 4.5, -0.27, 14.78)
(0, 4.0, -0.3, 19.52)
(0, 5.23, -0.77, 6.24)
(0, 4.93, -0.38, 12.27)
(0, 3.8, -0.78, 1.81)
(0, 0.12, -0.97, -15.13)
(0, 0.09, -0.97, -14.46)
(0, 1.09, -0.82, -13.6)
(0, 0.28, -0.94, -13.85)
(0, 4.43, -0.04, 3.74)
(0, 0.58, -0.95, 0.34)
(0, 0.56, -0.93, -16.93)
(0, 6.22, -0.56, 23.63)
(0, 0.36, -0.84, -14.26)
(0, 0.74, -0.86, -11.27)
(0, 0.08, -0.75, -16.97)
(0, 0.17, -0.67, -18.11)
(0, 0.26, -0.92, -18.84)
(0, 0.07, -0.72, -16.65)
(0, 0.52, -0.94, -23.18)
(0, 0.03, -0.23, -6.36)
(0, 4.54, -0.3, 3.89)
(0, 4.45, -0.45, 10.88)
(0, 0.7, -0.51, 30.12)
(0, -0.0, -1.0, -17.35)
(0, -0.0, -0.88, -15.81)
(0, 0.0, -0.8, -18.48)
(1, 0.07, -0.96, -20.28)
(0, 0.21, -0.97, -19.37)
(0, 4.55, -0.47, 3.33)
(0, 7.06, -0.03, 16.23)
(0, 4.3, -0.18, 3.83)
(0, 0.03, -0.78, -21.05)
(0, 0.79, -0.81, -10.89)
(0, 5.04, -0.35, 11.95)
(0, 4.37, -1.0, 16.51)
(0, 0.09, -0.98, -16.54)
(0, 0.43, -0.8, -4.95)
(0, 4.06, -0.77, 6.98)
(0, 4.96, -0.58, 8.78)